46 81
20 12 2
25 30 2
21 42 2
40 10 1
11 33 1
6 5 1
14 12 2
42 15 2
43 6 2
35 15 2
44 17 1
19 14 2
39 12 2
3 13 1
37 11 1
46 32 2
32 6 2
19 20 2
15 41 1
32 36 1
3 21 1
3 32 1
25 9 1
45 36 2
14 35 1
6 44 1
13 45 1
4 30 1
40 18 1
42 29 1
23 35 1
27 13 2
12 3 1
21 26 2
2 6 1
31 14 1
7 10 1
20 1 1
29 2 2
12 36 1
38 1 1
8 15 2
12 32 2
16 21 1
5 34 1
25 27 1
35 19 1
45 42 2
42 44 1
40 39 1
26 3 2
44 33 2
15 25 1
30 29 2
20 22 1
45 25 1
9 33 1
10 5 1
45 10 2
20 24 1
27 18 2
22 2 2
46 7 2
22 33 1
10 17 1
9 27 1
11 29 2
20 21 1
31 28 2
24 35 2
40 17 2
46 45 2
36 14 1
44 9 2
45 12 1
4 38 1
20 42 2
38 17 1
1 33 1
15 43 2
1 46 6