101 223
43 56 2
71 57 3
89 95 17
37 51 8
52 44 5
28 6 18
67 45 20
44 56 19
19 50 12
48 91 14
91 8 5
21 39 4
64 69 19
99 44 15
38 23 3
66 26 12
24 34 19
86 76 4
43 86 10
4 90 16
37 56 3
48 89 12
93 9 4
38 10 2
26 44 13
17 55 8
9 96 15
58 1 12
37 19 16
57 54 9
24 28 10
25 2 4
21 66 9
76 84 10
100 16 2
66 4 13
21 30 20
19 25 14
38 8 1
83 55 14
26 69 13
76 75 10
73 45 14
71 28 4
72 84 1
93 88 12
51 36 16
15 26 4
90 37 13
94 4 1
44 43 4
96 54 9
26 64 14
2 43 12
46 45 17
83 64 7
75 96 3
5 15 20
34 11 19
8 39 19
84 83 14
65 6 11
40 43 10
54 14 15
56 65 4
71 33 15
59 54 17
89 67 20
42 65 3
64 57 15
42 101 5
51 21 17
12 54 18
32 70 12
61 28 2
34 65 13
39 86 5
37 11 17
41 73 9
56 79 2
93 58 1
20 79 12
55 2 13
38 15 5
54 68 17
55 61 6
28 68 9
94 88 4
74 12 10
58 28 13
81 11 7
61 6 16
99 13 13
99 66 11
19 59 19
77 82 18
70 72 10
8 78 2
101 21 15
90 62 3
39 54 8
3 53 4
27 54 16
63 72 7
1 66 14
85 27 5
80 76 12
67 51 8
14 63 15
43 30 17
74 39 5
69 34 11
85 45 9
32 53 18
91 63 2
74 29 3
99 25 17
4 77 6
66 100 17
4 12 12
82 41 5
77 79 9
14 26 12
86 71 14
74 1 19
55 79 1
98 79 9
66 64 3
27 74 14
27 92 18
9 24 16
95 2 4
94 54 7
72 37 20
25 8 6
88 78 14
34 16 13
23 5 20
68 22 16
5 24 12
38 5 15
27 22 18
82 42 13
51 60 9
15 49 20
40 33 18
18 13 2
95 46 4
26 68 8
36 82 18
58 11 10
95 90 20
79 78 8
25 6 10
54 33 4
19 28 5
35 100 14
13 82 2
21 18 8
86 93 1
39 70 19
13 101 1
86 12 20
48 92 16
51 3 15
90 11 17
74 46 11
32 50 13
74 78 11
52 25 17
85 12 7
40 16 14
42 3 11
86 68 12
51 64 8
51 66 12
97 12 2
83 96 4
32 18 7
9 37 14
55 90 14
5 6 14
81 49 19
55 94 6
6 96 5
3 30 2
72 34 19
76 69 12
50 70 5
18 48 6
60 99 14
53 64 9
30 33 16
84 69 10
54 27 6
25 28 8
7 101 1
96 37 12
64 51 20
53 34 6
2 68 18
4 87 15
15 59 12
21 20 4
79 62 16
55 36 12
51 62 13
33 92 4
9 53 12
39 19 13
56 28 13
14 10 16
2 21 16
86 53 15
16 30 13
48 6 10
53 48 10
54 36 9
23 48 9
10 73 7
51 23 18
46 54 12
76 38 15