25 197
15 1 5
25 10 12
11 10 4
9 1 19
14 24 10
24 17 15
6 3 14
11 22 7
10 18 2
19 3 12
18 21 7
3 8 12
25 5 19
1 9 20
18 25 13
13 22 12
24 23 9
6 8 11
20 11 8
12 23 2
13 10 2
25 8 20
24 12 15
2 6 14
16 9 12
18 15 5
2 6 2
23 19 2
21 14 20
3 18 18
19 21 20
16 23 7
2 23 9
18 4 13
22 20 4
15 12 13
10 22 5
12 10 5
5 8 3
23 11 13
25 19 15
16 22 3
1 19 1
12 16 10
23 12 19
12 23 7
3 21 6
4 2 8
2 12 6
6 15 14
9 22 9
11 8 11
15 20 17
14 7 14
10 3 11
8 19 11
14 21 11
8 10 4
19 4 5
14 17 15
5 15 20
7 9 19
9 10 17
23 9 1
20 15 19
4 21 6
17 11 19
11 12 18
16 23 7
12 15 20
23 6 12
21 4 5
14 5 12
11 17 15
2 12 3
14 1 16
24 3 13
6 3 8
2 25 20
2 14 19
22 13 5
14 2 12
24 13 14
13 12 18
19 21 14
3 9 10
25 2 18
3 25 9
16 7 2
15 7 2
10 2 4
6 23 2
5 1 3
6 16 12
14 6 20
8 7 8
20 16 17
24 25 14
6 24 16
24 21 13
3 21 9
9 11 12
11 22 9
2 12 7
2 20 5
11 13 13
20 9 12
13 16 16
2 3 10
13 14 13
3 18 5
2 5 20
11 10 17
12 10 9
21 8 16
4 17 6
24 16 15
4 21 18
19 8 5
3 4 7
23 20 13
19 22 20
4 21 18
16 22 1
19 16 13
12 22 14
8 16 8
18 16 2
18 20 1
21 6 16
17 10 13
1 9 11
6 18 8
20 22 18
12 10 7
17 12 16
8 3 10
18 11 20
21 8 6
25 13 1
13 3 2
24 13 2
16 21 2
4 2 4
25 18 5
12 20 9
16 2 12
22 20 4
16 8 4
15 11 6
18 12 16
17 11 7
5 10 16
8 22 17
7 20 11
13 10 17
18 10 2
5 2 13
13 10 5
9 3 13
12 5 18
1 11 19
15 11 13
5 16 17
4 5 6
21 12 9
19 16 2
10 13 16
8 1 8
17 24 13
13 21 10
7 16 11
16 10 5
5 13 6
7 21 9
8 10 4
11 16 17
6 18 15
9 14 3
4 23 2
17 5 11
6 11 13
10 4 20
25 5 16
18 9 17
17 15 5
14 19 18
3 8 18
9 24 19
3 16 18
1 22 5
2 17 15
8 22 7
18 1 15
11 21 7
13 17 11
10 22 12